Instance             V      E       POP-S-B:lb   POP-S-B:ub   POP-S-B:rt  POPH-SAT:lb  POPH-SAT:ub  POPH-S-B:rt  ASS-SAT:lb  ASS-SAT:ub   ASS-S-B:rt  POP-ILP:lb  POP-ILP:ub  POP-I-B:rt  POPH-ILP:lb POPH-ILP:ub  POPH-I-B:rt ASS-ILP:lb ASS-ILP:ub ASS-I-B:rt DFMM:lb DFMM:ub DFMM:rt
GEOM20               20   20    21          21   0.0     21           21   0.0     21          21   0.0     21          21   0.1     21           21  0.1     21          21   0.1     21       21  0.0
GEOM20a              20   37    20          20   0.0     20           20   0.0     20          20   0.0     20          20   0.5     20           20  0.5     20          20   0.6     20       20  0.0
GEOM20b              20   32    13          13   0.0     13           13   0.0     13          13   0.0     13          13   0.1     13           13  0.0     13          13   0.1     13       13  0.0
GEOM30               30   50    28          28   0.0     28           28   0.0     28          28   0.1     28          28   4.8     28           28  2.6     28          28   0.5     28       28  0.1
GEOM30a              30   81    27          27   0.0     27           27   0.0     27          27   0.1     27          27   3.1     27           27  3.2     27          27   2.8     27       27  0.1
GEOM30b              30   81    26          26   0.0     26           26   0.0     26          26   0.0     26          26   1.0     26           26  2.7     26          26   0.4     26       26  0.0
GEOM40               40   78    28          28   0.0     28           28   0.1     28          28   0.1     28          28   3.6     28           28  8.4     28          28   0.8     28       28  0.1
GEOM40a              40   146   37          37   0.2     37           37   0.3     37          37   2.1     37          37   133.1   37           37  17.1    37          37   12.8    37       37  1.4
GEOM40b              40   157   33          33   0.1     33           33   0.1     33          33   1.5     33          33   9.3     33           33  240.4   33          33   13.4    33       33  2.1
GEOM50               50   127   28          28   0.1     28           28   0.1     28          28   0.2     28          28   6.6     28           28  36.7    28          28   2.3     28       28  0.3
GEOM50a              50   238   50          50   0.8     50           50   1.0     50          50   87.1    50          50   280.4   38           50  3600.0  50          50   60.8    50       50  374.4
GEOM50b              50   249   35          35   0.5     35           35   0.5     35          35   4.9     35          35   2028.1  35           35  683.9   35          35   250.6   35       35  144.7
GEOM60               60   185   33          33   0.2     33           33   0.1     33          33   0.3     33          33   30.2    33           33  56.7    33          33   3.5     33       33  1.1
GEOM60a              60   339   50          50   1.0     50           50   0.8     50          50   112.4   50          50   1124.3  38           50  3600.0  50          50   170.4   50       50  684.6
GEOM60b              60   366   41          41   2.4     41           41   1.7     41          41   29.3    34          41   3600.0  33           41  3600.0  40          42   3600.0  41       41  22915.9
GEOM70               70   267   38          38   0.1     38           38   0.1     38          38   2.3     38          38   36.0    38           38  36.6    38          38   17.6    38       38  2.4
GEOM70a              70   459   61          61   6.3     61           61   6.8     61          61   561.0   44          61   3600.0  35           62  3600.0  60          61   3600.0  61       61  24798.0
GEOM70b              70   488   47          47   4.9     47           47   5.4     47          47   146.0   34          49   3600.0  47           47  3318.3  35          50   3600.1  47       47  534.6
GEOM80               80   349   41          41   0.3     41           41   0.3     41          41   4.0     41          41   132.9   41           41  1103.3  41          41   46.4    41       41  8.2
GEOM80a              80   612   63          63   11.4    63           63   10.3    63          63   964.2   40          63   3600.0  31           64  3600.0  49          65   3600.0  63       63  87770.8
GEOM80b              80   663   60          60   9.8     60           60   8.1     60          60   894.4   29          62   3600.0  26           62  3600.0  44          66   3600.0  60       60  54320.9
GEOM90               90   441   46          46   2.0     46           46   2.0     46          46   21.5    46          46   1679.2  46           46  1607.1  46          46   70.6    46       46  55.2
GEOM90a              90   789   63          63   11.0    63           63   12.6    63          63   1447.3  29          67   3600.0  32           65  3600.0  47          69   3600.1  63       63  130050.1
GEOM90b              90   860   69          69   58.0    69           69   56.2    67          109  3600.0  27          75   3600.1  31           73  3600.0  48          85   3600.1  -        69  172800.0
GEOM100              100  547   50          50   1.1     50           50   1.5     50          50   87.8    33          50   3600.0  41           50  3600.0  50          50   238.1   50       50  545.8
GEOM100a             100  992   66          66   185.0   66           66   316.3   65          91   3600.0  27          75   3600.0  36           72  3600.0  35          81   3600.0  -        70  172800.0
GEOM100b             100  1050  71          71   156.6   71           71   136.3   69          121  3600.0  24          78   3600.0  22           78  3600.0  42          86   3600.1  -        71  172800.0
GEOM110              110  638   50          50   1.7     50           50   1.7     50          50   98.9    37          50   3600.0  40           51  3600.0  50          50   319.1   50       50  2982.2
GEOM110a             110  1207  69          69   287.1   69           69   160.5   68          109  3600.0  26          77   3600.0  25           79  3600.0  43          88   3600.1  -        73  172800.0
GEOM110b             110  1256  77          77   620.8   77           77   608.1   76          121  3600.0  21          86   3600.0  22           84  3600.0  40          95   3600.1  -        79  172800.0
GEOM120              120  773   59          59   4.2     59           59   4.5     59          59   516.6   24          61   3600.0  43           59  3600.0  59          59   609.2   59       59  10778.2
GEOM120a             120  1434  82          82   338.2   82           82   293.0   82          109  3600.0  19          90   3600.0  28           93  3600.0  46          92   3600.1  -        84  172800.0
GEOM120b             120  1491  81          123  3600.0  81           123  3600.0  83          123  3600.0  19          102  3600.0  28           97  3600.0  39          100  3600.1  -        85  172800.0
